23624 P1 0 500
23625 P2 500 1000
23626 P3 1000 1500
23627 P4 1500 2000
23628 P5 2000 2500
23640 P1 0 80000
23641 P2 80000 85000
23642 P3 85000 86000
23644 P4 86000 87000
23700 P1 0 8000
23701 P2 8000 13000
23702 P3 13000 16000
23703 P4 16000 17000
23704 P5 17000 18000
23705 P6 18000 19000
23706 P7 19000 23000
23716 P1 0 2000
23717 P2 2000 2500
23718 P3 2500 2700
23719 P4 2700 3200
23727 P1 0 8000
23728 P2 8000 13000
23729 P3 13000 16000
23730 P4 16000 17000
23731 P5 17000 18000
23732 P6 18000 19000
23733 P7 19000 23000
23745 P4 3000 6000
23744 P3 2000 10000
23743 P2 1000 16000
23742 P1 0 25000
23755 P2 1000 2000
23754 P1 0 4000
23757 P4 5000 7000
23759 P5 7000 8000
23756 P3 4000 11000
23769 P2 500 1000
23770 P3 1000 1500
23771 P4 1500 2000
23768 P1 0 3500
23781 P3 100 1100
23779 P2 0 3000
23782 P4 3000 7000
23780 P1 7000 14000
23790 P1 100 200
23792 P3 200 400
23791 P2 400 4400
23793 P4 4400 8400
23794 P5 8400 15400
23805 P1 0 500
23806 P2 500 1000
23807 P3 1000 1500
23808 P4 1500 2000
23809 P5 2000 2500
23817 P1 600 8100
23818 P2 1100 9600
23828 P3 4200 18200
23826 P1 1200 20200
23827 P2 2700 20700
23831 P6 7200 28200
23830 P5 6700 30200
23829 P4 6200 31200
23853 P4 1500 5500
23854 P5 2000 6000
23855 P6 2500 6500
23852 P3 1000 14500
23856 P7 3000 18000
23851 P2 500 20000
23850 P1 0 23000
23913 P4 1500 5500
23914 P5 2000 6000
23915 P6 2500 6500
23912 P3 1000 14500
23916 P7 3000 18000
23911 P2 500 20000
23910 P1 0 23000
23933 P2 0 2000
23936 P3 2000 3000
23937 P4 3000 7000
23934 P1 7000 14000
23945 P1 100 200
23947 P3 200 400
23946 P2 400 4400
23948 P4 4400 8400
23949 P5 8400 15400
23957 P1 100 3100
23960 P4 3100 3110
23961 P5 3110 3120
23962 P6 3120 7120
23963 P7 7120 11120
23958 P2 11120 16120
23959 P3 16120 23120
23964 P8 23120 32120
23973 P1 0 3000
23974 P2 3000 4000
23975 P3 4000 8000
23992 P5 8000 9000
23990 P4 9000 11000
24000 P1 0 2000
24001 P2 2000 2500
24002 P3 2500 3000
24003 P4 3000 3500
24011 P0 0 500
24012 P1 1000 1500
24014 P2 2000 2500
24015 P3 3000 3500
24016 P4 4000 4500
24017 P5 5000 5500
24018 P6 6000 6500
24019 P7 7000 7500
24020 P8 8000 8500
24022 P9 9000 9500
