18269 P2 16700 20700
18523 P3 182700 196700
18728 P3 184700 198700
18769 P3 182700 196700
18861 P3 182700 196700
18896 P3 182700 196700
18894 P1 209200 227200
18895 P2 239700 257200
18899 P6 512200 532200
21039 P1 0 500
21040 P2 500 1000
21041 P3 1000 1500
21042 P4 1500 2000
21043 P5 2000 2500
21725 P0 0 500
21726 P1 1000 1500
21727 P2 2000 2500
21728 P3 3000 3500
21729 P4 4000 4500
21730 P5 5000 5500
21731 P6 6000 6500
21732 P7 7000 7500
21734 P8 8000 8500
21735 P9 9000 9500
21756 P1 0 500
21757 P2 500 1000
21758 P3 1000 1500
21759 P4 1500 2000
21760 P5 2000 2500
21772 P2 1000 2000
21771 P1 0 4000
21774 P4 5000 7000
21775 P5 7000 8000
21773 P3 4000 11000
21803 P3 4200 18200
21800 P1 1200 19200
21801 P2 2700 20200
21806 P6 8200 28200
21805 P5 7200 30200
21804 P4 6200 31200
21823 P1 0 3000
21824 P2 3000 4000
21825 P3 4000 8000
21828 P5 8000 9000
21826 P4 9000 11000
