[Project1] 24011 1588066916.349397230 1588066917.081683773
[Project1] 24012 1588066917.826380258 1588066918.554049207
[Project1] 24014 1588066919.300596400 1588066920.027805363
[Project1] 24015 1588066920.778379991 1588066921.514023464
[Project1] 24016 1588066922.262379789 1588066922.991561920
[Project1] 24017 1588066923.726387640 1588066924.452487926
[Project1] 24018 1588066925.206384904 1588066925.935491516
[Project1] 24019 1588066926.681859881 1588066927.413702855
[Project1] 24020 1588066928.158381913 1588066928.888999727
[Project1] 24022 1588066929.622382712 1588066930.353215388
